88149037
88149026
88149055
88149059
88149040
88149073
88149092
88149074
88149070
88149100
88149048
88149116
88149103
88149058
88149068
88149106
88149083
88149050
88149044
88149037
88149026
88149055
88149059
88149040
88149073
88149092
88149074
88149070
88149100
88149048
88149116
88149103
88149058
88149068
88149106
88149083
88149050
88149096
88149035
88149039
88149071
88149113
88149098
88149111
88149086
88149041
88149045
88149053
88149028
88149080
88149084
88149088
88149078
88149063
88149061
88149033
88149030
88149032
88149095
88149112
88149075
88149024
88149104
88149094
88149042
88149031
88149081
88149027
88149089
88149047
88149093
88149077
88149114
88149107
88149105
88149064
88149054
88149065
88149099
88149036
88149067
88149085
88149025
88149097
88149043
88149076
88149060
88149101
88149108
88149079
88149102
88149056
88149023
88149072
88149091
88149057
88149038
88149090
88149109
88149066
88149087
88149069
88149110
88149051
88149049
88149052
88149062
88149029
88149046
88149082
88149115
88149034
88208609
88208580
88208615
88208618
88208582
88208659
88208644
88208648
88208579
88208559
88208630
88208620
88208587
88208617
88208570
88208626
88208647
88208668
88208633
88208643
88208667
88208588
88208610
88208563
88208656
88208651
88208654
88208561
88208605
88208573
88208661
88208599
88208597
88208616
88208666
88208652
88208585
88208566
88208629
88208574
88208577
88208650
88208607
88208611
88208663
88208622
88208623
88208619
88208586
88208564
88208576
88208655
88208613
88208632
88208603
88208572
88208568
88208614
88208634
88208578
88208645
88208565
88208649
88208624
88208590
88208662
88208596
88208598
88208608
88208612
88208660
88208591
88208653
88208560
88208601
88208640
88208639
88208600
88208589
88208637
88208595
88208625
88208604
88208636
88208592
88208575
88208571
88208628
88208635
88208583
88208593
88208621
88208658
88208567
88208584
88208665
88208602
88208642
88208638
88208641
88208627
88208657
88208631
88208646
88208581
88208562
88208594
88208664
88208606
88208569
88208609
88208580
88208615
88208618
88208582
88208659
88208644
88208648
88208579
88208559
88208630
88208620
88208587
88208617
88208570
88208626
88208647
88208668
88208633
88208643
88208667
88208588
88208610
88208563
88208656
88208651
88208654
88208561
88208605
88208573
88208661
88208599
88208597
88208616
88208666
88208652
88208585
88208566
88208629
88208574
88208577
88208650
88208607
88208611
88208663
88208622
88208623
88208619
88208586
88208564
88208576
88208655
88208613
88208632
88208603
88208572
88208568
88208614
88208634
88208578
88208645
88208565
88208649
88208624
88208590
88208662
88208596
88208598
88208608
88208612
88208660
88208591
88208653
88208560
88208601
88208640
88208639
88208600
88208589
88208637
88208595
88208625
88208604
88208636
88208592
88208575
88208571
88208628
88208635
88208583
88208593
88208621
88208658
88208567
88208584
88208665
88208602
88208642
88208638
88208641
88208627
88208657
88208631
88208646
88208581
88208562
88208594
88208664
88208606